CouncilDistrict,year,Month,not_cleared,cleared,other,tba
6,2003,January,79.90,11.27,2.45,6.37
4,2003,January,60.28,30.02,8.13,1.57
2,2003,January,64.95,24.47,7.09,3.50
,2003,January,59.35,33.03,5.44,2.18
3,2003,January,60.89,29.16,7.82,2.12
9,2003,January,59.68,33.33,5.24,1.75
7,2003,January,71.47,20.44,4.88,3.21
1,2003,January,56.05,27.54,14.45,1.95
5,2003,January,71.91,17.98,8.19,1.93
8,2003,January,70.38,15.95,7.59,6.08
1,2003,February,51.86,26.71,19.88,1.56
3,2003,February,58.48,31.41,9.46,0.66
10,2003,February,81.15,13.09,4.71,1.05
9,2003,February,61.25,32.44,5.45,0.87
2,2003,February,65.99,23.23,8.50,2.28
4,2003,February,62.11,26.30,10.55,1.04
,2003,February,55.25,36.63,5.94,2.18
5,2003,February,69.40,19.04,9.61,1.96
6,2003,February,81.13,13.21,4.40,1.26
7,2003,February,72.02,19.89,6.68,1.42
8,2003,February,81.54,9.09,6.34,3.03
,2003,March,54.87,37.63,5.25,2.25
4,2003,March,62.07,25.13,10.97,1.83
9,2003,March,64.76,28.67,4.99,1.57
10,2003,March,77.71,14.44,5.31,2.55
7,2003,March,67.15,21.55,8.80,2.50
5,2003,March,69.86,19.42,9.28,1.45
3,2003,March,63.98,26.24,8.17,1.61
8,2003,March,77.36,13.63,6.81,2.20
1,2003,March,56.16,24.35,17.91,1.59
6,2003,March,78.15,13.03,6.72,2.10
3,2003,April,67.99,21.56,9.05,1.41
1,2003,April,59.42,20.99,18.35,1.23
10,2003,April,78.42,13.03,5.34,3.21
7,2003,April,72.62,16.10,8.62,2.66
2,2003,April,68.08,19.17,9.49,3.26
9,2003,April,72.80,20.36,4.99,1.86
5,2003,April,71.72,15.59,11.45,1.24
4,2003,April,64.79,21.43,11.77,2.01
,2003,April,68.05,22.56,7.14,2.26
8,2003,April,73.14,14.15,9.59,3.12
6,2003,April,75.11,14.59,6.87,3.43
4,2003,May,60.94,25.50,8.84,4.72
1,2003,May,62.58,18.75,14.75,3.92
3,2003,May,68.87,20.67,7.39,3.06
,2003,May,65.30,23.52,5.26,5.92
7,2003,May,67.74,19.59,6.68,5.99
5,2003,May,72.96,13.90,8.29,4.85
8,2003,May,75.76,13.97,6.55,3.71
2,2003,May,72.29,16.86,7.89,2.96
9,2003,May,69.67,22.86,4.13,3.34
10,2003,May,73.61,15.96,6.43,3.99
6,2003,May,74.56,14.04,6.14,5.26
3,2003,June,38.74,17.98,5.87,37.41
4,2003,June,33.31,20.74,9.79,36.15
9,2003,June,38.62,16.34,4.43,40.61
1,2003,June,37.70,17.98,11.61,32.72
7,2003,June,37.77,13.94,6.34,41.95
2,2003,June,42.15,16.30,6.06,35.49
5,2003,June,40.11,12.09,7.55,40.25
10,2003,June,35.84,11.95,8.41,43.81
,2003,June,32.53,20.29,4.51,42.67
6,2003,June,43.88,9.28,4.64,42.19
8,2003,June,38.71,12.04,4.30,44.95
4,2003,July,10.64,23.57,8.67,57.12
1,2003,July,13.46,23.13,12.23,51.19
,2003,July,9.87,28.04,3.86,58.23
7,2003,July,9.72,16.54,7.45,66.29
3,2003,July,13.72,20.58,6.60,59.10
2,2003,July,16.36,19.32,6.84,57.49
5,2003,July,18.41,13.03,8.36,60.20
9,2003,July,10.01,24.06,5.27,60.66
6,2003,July,13.73,15.45,5.15,65.67
8,2003,July,13.17,10.71,7.14,68.97
10,2003,July,11.16,14.35,6.15,68.34
10,2003,January,76.97,17.48,3.84,1.71
2,2003,March,65.85,23.36,8.93,1.86
7,2003,August,12.56,15.52,6.28,65.64
9,2003,August,9.99,22.84,5.06,62.10
2,2003,August,19.85,18.80,6.93,54.41
4,2003,August,9.64,24.07,7.73,58.55
3,2003,August,12.88,25.76,6.29,55.08
,2003,August,8.26,29.56,4.39,57.79
8,2003,August,14.74,14.54,3.78,66.93
1,2003,August,12.91,26.09,11.23,49.77
5,2003,August,16.92,13.76,7.84,61.49
10,2003,August,12.00,10.53,5.05,72.42
6,2003,August,12.50,16.94,4.84,65.73
4,2003,September,8.76,22.13,6.53,62.58
9,2003,September,7.58,25.11,4.97,62.33
3,2003,September,12.84,23.49,5.74,57.93
7,2003,September,9.70,14.49,5.06,70.75
5,2003,September,14.87,16.79,4.86,63.48
8,2003,September,11.49,16.14,4.89,67.48
2,2003,September,16.33,19.29,6.63,57.76
,2003,September,8.81,32.16,3.96,55.07
10,2003,September,10.96,11.84,5.48,71.71
1,2003,September,11.28,27.69,9.98,51.04
6,2003,September,14.57,14.17,2.83,68.42
3,2003,October,13.66,26.10,4.65,55.59
9,2003,October,8.75,26.91,4.01,60.33
2,2003,October,18.10,21.14,5.88,54.88
1,2003,October,17.73,28.83,9.49,43.96
4,2003,October,10.61,22.76,6.74,59.89
10,2003,October,10.77,13.21,4.67,71.34
7,2003,October,10.21,15.01,4.79,69.99
,2003,October,11.19,30.73,3.91,54.17
6,2003,October,11.21,16.36,3.74,68.69
8,2003,October,12.14,15.76,4.39,67.70
5,2003,October,16.89,17.17,4.50,61.44
9,2003,November,9.54,30.77,4.63,55.06
4,2003,November,10.68,26.79,6.56,55.97
3,2003,November,17.34,26.15,5.11,51.40
1,2003,November,18.44,25.18,9.69,46.68
,2003,November,9.65,33.20,2.90,54.25
5,2003,November,17.44,18.52,3.86,60.19
10,2003,November,9.87,12.72,3.51,73.90
2,2003,November,16.51,22.82,5.47,55.21
7,2003,November,10.06,15.08,4.47,70.39
8,2003,November,14.25,21.51,4.75,59.50
6,2003,November,11.52,14.29,2.76,71.43
3,2003,December,16.55,28.30,6.18,48.97
4,2003,December,9.84,26.77,6.65,56.74
6,2003,December,12.79,16.28,2.71,68.22
1,2003,December,19.20,27.53,8.65,44.62
9,2003,December,9.55,33.05,3.54,53.86
7,2003,December,9.61,18.27,3.79,68.34
5,2003,December,17.87,17.05,5.41,59.67
8,2003,December,12.47,17.97,2.54,67.02
10,2003,December,8.98,15.29,2.67,73.06
2,2003,December,17.13,22.29,4.02,56.55
,2003,December,10.46,35.23,3.49,50.83
9,2004,January,8.79,34.59,3.97,52.64
1,2004,January,15.21,28.88,10.89,45.02
3,2004,January,12.16,33.81,5.75,48.27
5,2004,January,15.64,20.63,5.16,58.57
4,2004,January,9.12,27.60,5.00,58.28
2,2004,January,12.66,24.79,4.39,58.16
7,2004,January,8.82,16.71,5.21,69.25
,2004,January,8.63,31.43,4.07,55.70
6,2004,January,11.06,18.27,5.77,64.90
10,2004,January,7.94,16.93,3.44,71.69
8,2004,January,9.78,13.94,3.91,72.37
4,2004,February,7.69,25.30,6.10,60.90
9,2004,February,8.20,31.86,5.30,54.64
7,2004,February,8.90,17.26,7.57,66.27
1,2004,February,11.23,28.99,9.42,50.36
3,2004,February,11.54,31.60,4.94,51.92
5,2004,February,10.71,15.99,5.61,67.69
6,2004,February,9.24,19.02,7.61,64.13
,2004,February,6.70,36.18,3.85,53.27
10,2004,February,9.76,12.74,5.15,72.36
2,2004,February,11.59,23.89,3.46,61.05
8,2004,February,11.83,16.45,3.34,68.38
1,2004,March,12.40,28.19,11.06,48.35
2,2004,March,10.68,25.46,4.31,59.55
3,2004,March,12.76,28.47,4.73,54.04
9,2004,March,10.86,31.39,5.65,52.10
5,2004,March,13.29,20.57,6.65,59.49
7,2004,March,7.08,18.63,7.70,66.58
4,2004,March,6.80,29.78,5.11,58.30
8,2004,March,10.39,16.18,5.56,67.87
6,2004,March,11.24,12.45,5.22,71.08
10,2004,March,8.53,15.88,3.79,71.80
,2004,March,12.64,32.76,4.06,50.55
4,2004,April,6.59,27.72,5.21,60.48
3,2004,April,11.64,32.40,5.62,50.34
5,2004,April,10.09,19.73,5.04,65.13
9,2004,April,9.89,31.87,4.32,53.92
1,2004,April,12.44,27.41,9.33,50.83
7,2004,April,6.35,20.68,6.35,66.62
2,2004,April,11.59,26.83,4.37,57.22
8,2004,April,10.60,20.96,4.34,64.10
6,2004,April,9.65,14.04,4.82,71.49
10,2004,April,8.53,15.64,5.45,70.38
,2004,April,10.49,32.59,4.29,52.62
9,2004,May,10.47,31.08,4.68,53.77
1,2004,May,13.31,27.95,10.67,48.07
2,2004,May,14.74,22.91,4.35,58.01
4,2004,May,6.80,28.80,6.12,58.29
3,2004,May,12.98,33.55,6.60,46.86
8,2004,May,10.51,17.95,4.36,67.18
7,2004,May,8.55,19.87,6.16,65.41
10,2004,May,8.18,16.12,4.21,71.50
6,2004,May,10.33,17.36,5.79,66.53
5,2004,May,11.43,19.29,3.71,65.57
,2004,May,9.38,31.50,3.54,55.58
10,2004,June,6.37,12.25,7.35,74.02
3,2004,June,12.82,32.71,5.74,48.74
9,2004,June,10.28,32.30,3.96,53.46
1,2004,June,13.16,27.55,9.44,49.86
4,2004,June,7.16,27.40,6.09,59.35
8,2004,June,9.63,14.97,4.81,70.59
7,2004,June,8.20,16.67,4.44,70.70
2,2004,June,14.47,23.30,4.36,57.87
,2004,June,8.09,35.25,3.42,53.24
5,2004,June,11.16,19.14,4.78,64.91
6,2004,June,10.38,16.54,3.08,70.00
9,2004,July,8.39,36.17,4.07,51.37
2,2004,July,14.17,27.07,3.91,54.86
4,2004,July,5.80,28.59,6.61,59.00
7,2004,July,8.96,16.30,4.66,70.08
3,2004,July,12.32,30.70,6.06,50.92
1,2004,July,11.35,31.79,7.72,49.14
10,2004,July,9.33,14.44,3.56,72.67
,2004,July,10.02,33.07,3.34,53.58
8,2004,July,11.70,18.10,4.86,65.34
5,2004,July,10.98,19.51,5.69,63.82
6,2004,July,10.42,16.61,4.89,68.08
9,2004,August,7.67,32.89,3.80,55.64
3,2004,August,10.10,32.33,4.67,52.90
1,2004,August,12.39,33.21,9.36,45.05
4,2004,August,7.59,29.76,5.64,57.02
7,2004,August,9.03,19.70,5.51,65.77
,2004,August,8.67,35.71,2.89,52.72
5,2004,August,10.67,20.80,4.80,63.73
8,2004,August,9.68,16.22,4.73,69.37
10,2004,August,7.17,19.78,2.61,70.43
2,2004,August,14.61,27.40,5.84,52.15
6,2004,August,11.85,14.81,2.96,70.37
9,2004,September,7.00,29.78,4.00,59.21
3,2004,September,11.06,33.02,5.00,50.93
1,2004,September,10.89,34.45,9.59,45.07
4,2004,September,6.71,32.34,5.38,55.57
7,2004,September,8.94,19.31,4.41,67.34
2,2004,September,13.36,30.22,4.11,52.31
5,2004,September,13.67,22.24,2.35,61.74
8,2004,September,8.80,15.16,5.62,70.42
,2004,September,9.98,39.07,2.24,48.71
6,2004,September,10.29,16.46,4.94,68.31
10,2004,September,8.49,15.80,2.12,73.58
4,2004,October,6.64,26.57,6.29,60.50
3,2004,October,11.74,32.67,4.81,50.78
1,2004,October,10.49,34.62,9.18,45.72
9,2004,October,6.60,34.58,3.45,55.38
10,2004,October,8.37,15.48,3.97,72.18
2,2004,October,12.78,27.38,5.48,54.36
7,2004,October,6.73,21.82,5.54,65.91
5,2004,October,9.30,20.66,4.51,65.53
,2004,October,6.51,39.25,2.12,52.12
8,2004,October,9.70,16.17,2.54,71.59
6,2004,October,10.86,22.47,1.87,64.79
4,2004,November,6.54,30.12,6.11,57.22
3,2004,November,13.22,28.89,6.04,51.85
9,2004,November,9.88,34.19,3.15,52.78
5,2004,November,13.65,18.09,4.44,63.82
10,2004,November,11.31,14.40,5.14,69.15
2,2004,November,12.34,25.93,5.10,56.63
8,2004,November,13.04,19.02,5.43,62.50
1,2004,November,9.43,29.00,8.84,52.73
7,2004,November,9.94,21.81,4.52,63.74
,2004,November,8.38,40.72,3.39,47.50
6,2004,November,12.65,18.18,3.16,66.01
3,2004,December,11.95,29.35,6.00,52.70
4,2004,December,8.13,26.75,5.84,59.28
1,2004,December,10.01,29.72,9.49,50.77
8,2004,December,9.89,19.21,5.08,65.82
7,2004,December,5.41,21.15,5.52,67.92
2,2004,December,12.12,23.54,3.94,60.40
5,2004,December,11.93,21.25,3.98,62.84
10,2004,December,6.99,14.41,2.97,75.64
9,2004,December,8.62,32.79,3.89,54.70
,2004,December,8.33,34.28,2.84,54.55
6,2004,December,6.94,16.32,2.43,74.31
,2005,January,8.38,30.17,4.10,57.36
9,2005,January,7.07,29.70,3.38,59.84
2,2005,January,13.22,22.86,3.88,60.04
3,2005,January,12.63,29.35,5.87,52.15
6,2005,January,7.34,18.88,3.85,69.93
7,2005,January,7.44,18.49,4.53,69.53
1,2005,January,11.24,28.66,9.69,50.41
4,2005,January,7.19,31.25,5.10,56.46
5,2005,January,12.64,18.27,4.40,64.70
10,2005,January,7.47,9.16,5.06,78.31
8,2005,January,10.17,21.34,2.98,65.51
3,2005,February,15.05,31.24,6.27,47.43
1,2005,February,11.37,29.01,9.78,49.84
2,2005,February,12.32,25.96,4.90,56.82
4,2005,February,7.96,34.15,5.52,52.38
10,2005,February,8.70,16.43,2.90,71.98
,2005,February,6.68,40.65,2.10,50.57
7,2005,February,10.55,20.80,4.75,63.89
8,2005,February,11.63,14.68,3.88,69.81
9,2005,February,7.83,30.55,3.88,57.73
5,2005,February,11.78,20.62,5.40,62.19
6,2005,February,7.29,20.65,4.86,67.21
2,2005,March,12.80,25.70,4.44,57.07
1,2005,March,13.54,27.67,11.68,47.11
7,2005,March,8.97,21.77,3.94,65.32
4,2005,March,9.22,28.50,5.64,56.64
9,2005,March,9.69,33.29,3.82,53.20
3,2005,March,14.72,30.20,5.98,49.11
10,2005,March,7.83,19.08,3.41,69.68
8,2005,March,7.22,16.31,4.55,71.93
5,2005,March,13.10,22.20,3.19,61.50
,2005,March,8.12,36.35,3.51,52.03
6,2005,March,11.04,16.39,2.01,70.57
3,2005,April,14.93,28.50,5.87,50.70
,2005,April,10.58,35.99,3.90,49.54
4,2005,April,8.73,26.85,5.33,59.09
5,2005,April,12.45,17.51,3.97,66.07
1,2005,April,12.57,31.72,10.54,45.17
10,2005,April,5.98,12.41,3.91,77.70
2,2005,April,14.75,19.08,4.23,61.95
9,2005,April,7.93,32.31,2.59,57.17
7,2005,April,8.19,16.38,4.22,71.22
8,2005,April,13.44,18.00,4.33,64.24
6,2005,April,7.25,16.30,3.99,72.46
3,2005,May,13.56,29.54,5.62,51.28
1,2005,May,12.23,30.44,10.20,47.13
7,2005,May,7.32,20.59,4.23,67.85
4,2005,May,8.41,30.26,5.89,55.44
10,2005,May,7.39,12.06,4.47,76.07
9,2005,May,8.22,30.50,3.34,57.94
,2005,May,7.19,39.21,3.06,50.54
5,2005,May,10.41,18.84,4.71,66.05
8,2005,May,11.27,21.81,4.41,62.50
6,2005,May,6.79,20.36,5.71,67.14
2,2005,May,15.17,20.13,3.53,61.16
4,2005,June,7.41,28.76,5.92,57.92
1,2005,June,12.99,27.62,9.61,49.78
7,2005,June,9.37,15.79,5.39,69.45
2,2005,June,15.66,18.63,6.74,58.97
3,2005,June,14.45,32.32,5.18,48.05
5,2005,June,9.47,19.06,4.92,66.55
8,2005,June,11.55,15.90,4.36,68.19
10,2005,June,5.70,12.66,4.43,77.22
9,2005,June,9.18,30.60,2.31,57.91
,2005,June,8.91,35.66,3.88,51.55
6,2005,June,8.85,15.00,7.31,68.85
4,2005,July,7.54,28.73,6.31,57.42
5,2005,July,12.96,19.60,2.66,64.78
1,2005,July,13.61,26.48,9.22,50.68
3,2005,July,14.61,29.91,3.93,51.55
10,2005,July,8.17,13.69,3.04,75.10
9,2005,July,10.09,30.11,3.23,56.57
2,2005,July,14.83,21.98,3.99,59.20
8,2005,July,6.49,13.20,4.47,75.84
7,2005,July,7.29,20.05,5.13,67.54
,2005,July,8.44,33.39,5.14,53.03
6,2005,July,8.55,17.10,6.32,68.03
3,2005,August,13.68,29.21,5.81,51.31
2,2005,August,13.80,23.48,3.72,59.00
1,2005,August,14.69,25.93,8.88,50.50
9,2005,August,8.33,31.55,2.87,57.25
4,2005,August,6.95,27.38,6.28,59.39
7,2005,August,7.37,14.23,6.02,72.38
5,2005,August,11.18,12.72,3.51,72.59
8,2005,August,11.48,15.67,3.09,69.76
,2005,August,9.16,34.50,2.14,54.19
10,2005,August,4.76,13.87,3.31,78.05
6,2005,August,8.30,21.51,4.53,65.66
3,2005,September,13.48,27.52,5.53,53.48
4,2005,September,9.22,26.37,5.94,58.47
7,2005,September,10.86,15.23,6.70,67.21
5,2005,September,11.62,17.57,3.51,67.30
2,2005,September,14.03,18.42,4.39,63.17
9,2005,September,9.27,30.94,2.66,57.12
1,2005,September,12.53,25.88,10.28,51.31
10,2005,September,9.71,13.43,5.58,71.28
6,2005,September,10.94,12.83,3.02,73.21
,2005,September,8.33,36.71,3.77,51.19
8,2005,September,9.02,13.66,4.88,72.44
9,2005,October,7.27,31.03,2.49,59.21
1,2005,October,13.51,25.31,8.59,52.59
3,2005,October,12.83,29.13,5.05,52.99
10,2005,October,10.55,14.26,4.49,70.70
4,2005,October,9.61,26.12,4.67,59.59
2,2005,October,11.39,20.46,2.92,65.22
5,2005,October,11.55,17.64,4.72,66.09
7,2005,October,7.65,15.19,4.16,73.00
6,2005,October,9.68,17.56,6.09,66.67
,2005,October,8.50,36.53,3.25,51.72
8,2005,October,10.39,14.81,2.86,71.95
9,2005,November,7.34,31.53,2.32,58.81
7,2005,November,8.88,17.37,4.63,69.11
3,2005,November,14.68,26.57,5.82,52.94
10,2005,November,7.99,12.91,4.10,75.00
,2005,November,6.58,33.54,3.29,56.58
5,2005,November,10.59,15.13,3.99,70.29
1,2005,November,13.95,22.60,8.28,55.16
4,2005,November,7.89,26.91,5.62,59.59
8,2005,November,9.47,10.19,4.13,76.21
2,2005,November,14.17,20.76,3.57,61.50
6,2005,November,8.91,15.38,6.88,68.83
4,2005,December,8.15,24.55,5.31,61.99
1,2005,December,14.48,26.83,9.07,49.61
2,2005,December,15.94,19.40,4.57,60.09
9,2005,December,7.01,31.51,2.25,59.23
5,2005,December,11.70,17.40,4.24,66.67
3,2005,December,12.94,28.25,4.99,53.81
7,2005,December,8.13,18.85,4.12,68.90
8,2005,December,6.87,7.67,2.24,83.23
10,2005,December,6.19,13.07,4.13,76.61
,2005,December,8.20,33.92,2.44,55.43
6,2005,December,13.16,14.66,2.63,69.55
3,2006,January,14.58,28.82,4.11,52.50
2,2006,January,19.12,18.46,5.82,56.59
1,2006,January,15.98,26.72,9.78,47.51
9,2006,January,7.82,32.22,2.40,57.56
5,2006,January,14.42,14.98,5.13,65.46
4,2006,January,9.62,24.56,7.11,58.70
8,2006,January,14.16,15.01,4.53,66.29
,2006,January,8.80,38.58,2.25,50.37
7,2006,January,11.03,19.15,4.85,64.97
6,2006,January,13.18,12.22,2.57,72.03
10,2006,January,8.68,16.92,2.82,71.58
4,2006,February,11.39,26.87,7.01,54.73
1,2006,February,15.42,27.63,9.81,47.15
7,2006,February,13.07,19.92,3.88,63.13
3,2006,February,14.72,32.44,3.48,49.36
,2006,February,12.58,36.64,3.53,47.24
5,2006,February,13.24,17.15,4.58,65.03
9,2006,February,9.78,30.93,2.49,56.81
2,2006,February,17.38,23.99,4.28,54.35
8,2006,February,13.19,12.27,3.99,70.55
6,2006,February,9.25,13.17,3.20,74.38
10,2006,February,7.36,15.48,4.82,72.34
3,2006,March,15.63,29.39,5.19,49.79
4,2006,March,11.45,25.19,6.14,57.21
1,2006,March,15.79,27.88,9.15,47.19
,2006,March,11.29,35.45,3.96,49.31
7,2006,March,12.72,16.34,4.61,66.34
5,2006,March,16.37,17.54,3.95,62.13
8,2006,March,12.90,9.97,5.87,71.26
9,2006,March,9.51,36.26,2.45,51.78
10,2006,March,11.74,11.96,4.97,71.33
2,2006,March,14.52,24.13,4.37,56.99
6,2006,March,14.77,13.50,3.80,67.93
2,2006,April,15.04,19.55,4.62,60.79
3,2006,April,13.05,28.36,6.08,52.50
9,2006,April,9.67,36.00,2.56,51.78
1,2006,April,14.21,26.20,8.52,51.07
7,2006,April,12.04,18.06,6.02,63.88
4,2006,April,11.26,27.84,6.44,54.46
8,2006,April,12.61,13.81,4.20,69.37
5,2006,April,14.38,15.21,4.84,65.56
10,2006,April,9.52,15.48,3.77,71.23
6,2006,April,8.78,15.27,4.58,71.37
,2006,April,9.65,28.71,2.72,58.91
3,2006,May,12.65,31.17,5.30,50.88
1,2006,May,14.96,28.53,10.44,46.06
4,2006,May,10.67,26.66,5.85,56.81
7,2006,May,12.47,14.25,5.90,67.37
,2006,May,10.94,29.98,5.47,53.61
2,2006,May,14.42,22.83,4.11,58.64
9,2006,May,8.27,30.16,2.45,59.12
10,2006,May,11.58,10.95,3.16,74.32
6,2006,May,9.15,16.90,5.63,68.31
5,2006,May,11.51,15.98,5.37,67.14
8,2006,May,9.05,11.99,4.07,74.89
9,2006,June,8.01,28.44,2.73,60.82
5,2006,June,12.08,16.20,4.24,67.48
7,2006,June,12.01,15.02,4.89,68.08
1,2006,June,13.07,26.06,9.94,50.92
4,2006,June,9.11,26.16,5.44,59.29
3,2006,June,13.89,29.11,4.98,52.02
10,2006,June,9.59,16.20,2.99,71.22
2,2006,June,16.48,17.13,4.79,61.60
8,2006,June,11.82,17.00,4.93,66.26
,2006,June,13.61,28.53,5.24,52.62
6,2006,June,9.06,19.57,4.71,66.67
1,2006,July,14.11,29.07,9.15,47.67
3,2006,July,14.78,31.81,4.10,49.31
4,2006,July,8.51,26.58,6.35,58.57
9,2006,July,8.53,30.42,2.33,58.72
7,2006,July,11.91,17.30,6.29,64.49
10,2006,July,9.57,16.02,4.30,70.12
,2006,July,10.11,27.37,6.32,56.21
2,2006,July,11.76,21.21,4.90,62.12
5,2006,July,12.71,16.44,4.14,66.71
6,2006,July,8.74,20.39,4.53,66.34
8,2006,July,10.18,13.57,4.98,71.27
4,2006,August,9.20,26.34,5.26,59.20
1,2006,August,13.87,25.44,9.01,51.68
,2006,August,9.13,28.06,6.68,56.12
3,2006,August,12.51,29.39,3.61,54.49
2,2006,August,15.90,20.93,3.95,59.21
5,2006,August,12.28,19.16,4.45,64.10
7,2006,August,12.02,18.04,4.29,65.64
10,2006,August,10.93,16.10,3.18,69.78
8,2006,August,10.79,13.42,5.00,70.79
9,2006,August,6.75,32.94,2.25,58.06
6,2006,August,13.77,23.19,2.90,60.14
2,2006,September,11.85,22.80,3.65,61.70
3,2006,September,14.11,28.97,4.21,52.71
4,2006,September,7.90,26.71,5.80,59.59
1,2006,September,14.89,28.90,9.19,47.02
,2006,September,13.03,25.53,6.12,55.32
10,2006,September,9.64,18.42,3.21,68.74
7,2006,September,8.56,17.35,4.45,69.63
5,2006,September,11.11,20.20,4.76,63.92
9,2006,September,7.92,31.15,1.52,59.41
8,2006,September,9.14,13.58,3.66,73.63
6,2006,September,13.43,20.49,4.24,61.84
9,2006,October,8.14,28.14,2.60,61.11
1,2006,October,15.68,28.74,9.28,46.31
3,2006,October,14.57,28.78,3.67,52.98
2,2006,October,13.54,20.17,4.33,61.97
7,2006,October,8.23,15.11,4.06,72.60
5,2006,October,11.50,16.91,2.71,68.88
4,2006,October,7.04,26.60,5.38,60.98
8,2006,October,9.12,9.67,4.70,76.52
6,2006,October,10.43,21.17,3.68,64.72
,2006,October,9.11,23.89,3.69,63.30
10,2006,October,7.39,11.58,2.40,78.64
4,2006,November,7.54,24.23,5.34,62.90
5,2006,November,11.40,17.63,4.86,66.11
1,2006,November,13.28,29.50,9.63,47.59
3,2006,November,13.82,29.31,4.12,52.75
9,2006,November,6.68,27.99,2.79,62.54
2,2006,November,13.96,17.67,4.22,64.16
,2006,November,9.97,25.81,2.93,61.29
7,2006,November,6.61,15.72,3.43,74.24
6,2006,November,6.52,19.93,3.62,69.93
10,2006,November,10.79,12.45,1.45,75.31
8,2006,November,9.89,14.44,5.88,69.79
1,2006,December,15.11,25.39,8.60,50.89
9,2006,December,6.56,22.96,1.98,68.50
7,2006,December,9.73,16.91,4.74,68.61
3,2006,December,13.77,29.60,4.31,52.31
4,2006,December,6.87,23.04,4.99,65.09
6,2006,December,11.52,16.97,3.03,68.48
8,2006,December,7.66,10.77,3.35,78.23
10,2006,December,9.96,12.71,2.75,74.58
5,2006,December,12.71,14.80,3.91,68.58
2,2006,December,13.29,20.66,3.98,62.08
,2006,December,9.22,23.05,4.61,63.11
1,2007,January,16.03,22.25,11.17,50.55
3,2007,January,16.13,27.59,5.65,50.62
2,2007,January,14.52,19.63,4.40,61.45
9,2007,January,9.41,27.80,2.65,60.13
10,2007,January,11.23,11.23,6.24,71.31
4,2007,January,10.03,23.08,5.63,61.26
5,2007,January,12.91,13.92,5.16,68.01
8,2007,January,11.29,15.70,4.13,68.87
7,2007,January,12.66,14.20,6.15,66.98
6,2007,January,13.55,14.52,6.45,65.48
,2007,January,16.52,27.54,5.51,50.43
3,2007,February,14.02,29.61,5.03,51.34
7,2007,February,9.92,18.84,4.77,66.46
2,2007,February,12.98,24.09,3.96,58.97
4,2007,February,9.00,21.93,4.86,64.20
,2007,February,11.58,31.23,4.21,52.98
9,2007,February,9.74,30.12,2.91,57.22
10,2007,February,11.39,14.60,4.95,69.06
1,2007,February,14.43,28.68,8.64,48.24
5,2007,February,14.63,16.88,3.86,64.63
6,2007,February,11.76,19.85,4.41,63.97
8,2007,February,11.57,14.60,1.38,72.45
9,2007,March,9.33,29.49,2.92,58.26
4,2007,March,8.18,24.65,5.30,61.87
3,2007,March,12.72,27.96,4.21,55.12
2,2007,March,15.76,20.31,5.22,58.70
1,2007,March,15.92,23.54,9.91,50.64
7,2007,March,9.63,16.65,5.11,68.61
5,2007,March,11.07,14.21,3.69,71.04
8,2007,March,6.90,15.40,3.91,73.79
10,2007,March,9.42,14.43,4.61,71.54
,2007,March,11.46,28.79,6.50,53.25
6,2007,March,12.77,20.97,4.56,61.70
9,2007,April,8.94,33.49,2.65,54.92
3,2007,April,14.38,29.45,4.08,52.08
2,2007,April,13.57,21.37,6.35,58.71
4,2007,April,8.91,22.98,6.38,61.73
1,2007,April,15.59,24.12,10.01,50.29
5,2007,April,9.80,19.32,3.40,67.48
6,2007,April,7.44,17.36,4.96,70.25
,2007,April,14.33,31.27,4.56,49.84
7,2007,April,12.76,15.71,4.17,67.36
8,2007,April,6.42,13.10,4.01,76.47
10,2007,April,9.33,13.02,4.99,72.67
3,2007,May,14.55,31.60,4.03,49.82
4,2007,May,8.77,26.66,6.74,57.82
9,2007,May,7.67,35.91,2.39,54.03
5,2007,May,11.79,18.03,4.16,66.01
1,2007,May,13.87,26.13,10.10,49.90
2,2007,May,12.59,22.70,4.06,60.65
6,2007,May,12.92,18.46,6.15,62.46
7,2007,May,9.79,18.78,4.70,66.73
,2007,May,10.16,33.16,5.88,50.80
8,2007,May,12.09,15.58,2.79,69.53
10,2007,May,9.55,12.67,4.09,73.68
3,2007,June,12.86,30.37,4.36,52.41
5,2007,June,10.02,18.48,3.86,67.63
4,2007,June,9.28,25.36,5.50,59.86
1,2007,June,15.09,24.96,9.87,50.08
8,2007,June,10.09,16.09,3.22,70.60
7,2007,June,8.81,16.56,5.03,69.60
2,2007,June,11.72,19.89,4.09,64.31
9,2007,June,8.39,34.15,2.60,54.86
,2007,June,11.57,35.61,5.93,46.88
10,2007,June,7.53,13.14,3.21,76.12
6,2007,June,15.00,16.67,2.67,65.67
9,2007,July,9.07,32.96,2.02,55.95
5,2007,July,10.00,23.45,3.68,62.87
3,2007,July,13.34,28.94,4.33,53.38
2,2007,July,14.17,20.65,4.05,61.13
6,2007,July,10.31,23.68,2.79,63.23
,2007,July,13.03,38.30,5.59,43.09
4,2007,July,8.54,24.91,6.15,60.40
7,2007,July,6.95,16.87,4.09,72.09
1,2007,July,14.37,24.00,9.26,52.37
8,2007,July,8.67,15.01,4.65,71.67
10,2007,July,8.91,14.85,2.64,73.60
3,2007,August,14.84,30.89,4.43,49.83
1,2007,August,13.81,25.68,8.03,52.48
9,2007,August,8.33,39.26,2.71,49.70
7,2007,August,9.78,15.77,5.20,69.25
10,2007,August,9.83,16.32,3.49,70.36
4,2007,August,9.90,26.00,5.59,58.51
8,2007,August,8.84,20.94,1.62,68.59
5,2007,August,11.06,20.02,3.48,65.44
2,2007,August,17.30,19.63,3.78,59.29
6,2007,August,12.58,25.81,3.55,58.06
,2007,August,11.57,36.76,4.11,47.56
9,2007,September,9.58,41.52,2.35,46.55
7,2007,September,8.81,17.32,5.43,68.44
5,2007,September,14.33,21.50,5.80,58.36
2,2007,September,14.61,22.53,3.84,59.02
4,2007,September,8.80,27.76,5.52,57.92
1,2007,September,15.41,23.44,9.59,51.56
6,2007,September,9.94,25.00,3.92,61.14
10,2007,September,8.36,15.99,3.90,71.75
3,2007,September,15.04,31.72,4.47,48.77
8,2007,September,7.47,12.57,2.75,77.21
,2007,September,13.45,42.02,3.08,41.46
4,2007,October,9.16,27.92,5.62,57.30
1,2007,October,15.21,24.98,7.88,51.93
2,2007,October,15.24,19.78,5.89,59.09
5,2007,October,12.50,22.59,2.75,62.16
,2007,October,13.97,36.44,5.21,44.38
3,2007,October,15.31,33.41,4.31,46.98
9,2007,October,7.21,37.15,2.53,53.10
8,2007,October,11.23,19.60,1.76,67.40
7,2007,October,9.49,16.52,3.91,70.09
10,2007,October,8.49,16.80,2.90,71.81
6,2007,October,8.81,21.07,5.66,64.47
9,2007,November,6.49,39.21,2.11,52.19
4,2007,November,10.28,27.27,5.39,57.07
3,2007,November,13.59,34.91,4.07,47.43
1,2007,November,16.00,26.38,6.89,50.72
7,2007,November,10.19,16.98,3.28,69.56
5,2007,November,12.52,21.00,4.17,62.31
2,2007,November,15.66,22.31,3.03,59.00
,2007,November,13.33,41.00,3.33,42.33
8,2007,November,10.58,12.38,4.19,72.85
10,2007,November,9.49,13.87,3.28,73.36
6,2007,November,10.33,21.28,3.65,64.74
10,2007,December,7.12,12.50,2.08,78.30
7,2007,December,8.89,19.54,4.17,67.40
3,2007,December,13.06,29.14,4.80,53.00
4,2007,December,9.28,22.75,5.53,62.44
1,2007,December,14.33,23.41,8.40,53.86
2,2007,December,14.14,19.50,3.23,63.12
6,2007,December,15.70,18.02,2.03,64.24
9,2007,December,7.66,33.48,2.50,56.36
5,2007,December,12.81,16.25,3.20,67.73
8,2007,December,8.61,13.37,2.75,75.27
,2007,December,9.90,37.62,4.95,47.52
4,2008,January,10.00,30.66,5.42,53.92
1,2008,January,15.82,29.45,7.91,46.82
3,2008,January,14.19,34.97,3.27,47.57
7,2008,January,9.27,20.94,5.58,64.21
9,2008,January,9.77,39.70,1.49,49.04
6,2008,January,14.64,24.59,4.97,55.80
2,2008,January,15.69,23.35,4.28,56.68
10,2008,January,11.07,19.81,2.91,66.21
,2008,January,10.92,41.38,6.03,41.67
5,2008,January,14.29,22.61,5.29,57.82
8,2008,January,13.41,18.64,3.64,64.32
3,2008,February,11.11,34.97,4.12,49.80
9,2008,February,8.05,41.58,1.63,48.74
1,2008,February,13.34,29.81,9.13,47.72
4,2008,February,9.92,30.68,4.86,54.53
2,2008,February,15.21,21.89,3.71,59.18
7,2008,February,9.78,21.05,4.10,65.07
5,2008,February,11.40,21.62,3.92,63.06
,2008,February,10.14,40.54,4.39,44.93
10,2008,February,10.84,18.67,3.01,67.47
6,2008,February,11.49,26.35,3.04,59.12
8,2008,February,10.32,15.18,1.82,72.67
3,2008,March,14.12,33.55,3.77,48.56
7,2008,March,11.06,21.05,5.05,62.84
4,2008,March,10.20,24.74,6.54,58.52
2,2008,March,14.70,20.97,3.49,60.84
1,2008,March,14.13,20.54,8.71,56.61
9,2008,March,8.00,37.60,2.36,52.04
5,2008,March,11.71,20.22,2.96,65.10
6,2008,March,15.29,21.47,3.24,60.00
10,2008,March,9.43,16.39,2.87,71.31
8,2008,March,11.58,18.56,3.19,66.67
,2008,March,11.37,33.44,3.34,51.84
4,2008,April,11.67,30.09,4.54,53.70
1,2008,April,13.17,25.13,7.87,53.83
2,2008,April,17.27,20.56,3.70,58.47
3,2008,April,12.41,35.02,3.70,48.88
5,2008,April,9.36,20.40,2.79,67.45
9,2008,April,8.05,36.56,1.54,53.85
7,2008,April,13.14,23.24,4.63,58.99
,2008,April,9.39,41.88,3.25,45.49
10,2008,April,9.31,17.59,3.28,69.83
8,2008,April,10.00,15.11,3.19,71.70
6,2008,April,8.82,25.16,3.59,62.42
7,2008,May,12.39,22.44,3.55,61.62
9,2008,May,7.21,40.79,1.38,50.62
4,2008,May,11.72,28.25,5.77,54.26
3,2008,May,12.44,33.87,3.95,49.75
1,2008,May,13.58,25.71,7.62,53.08
2,2008,May,16.16,23.70,4.27,55.87
10,2008,May,11.61,19.58,3.81,64.99
5,2008,May,13.89,20.46,3.17,62.47
6,2008,May,14.93,25.92,5.35,53.80
8,2008,May,10.38,12.39,1.64,75.59
,2008,May,11.16,38.02,3.31,47.52
3,2008,June,13.91,30.86,4.01,51.22
4,2008,June,11.87,26.00,5.98,56.15
9,2008,June,8.68,36.63,2.11,52.59
2,2008,June,19.03,18.28,3.67,59.02
1,2008,June,14.46,24.68,9.35,51.51
7,2008,June,15.44,19.00,4.44,61.11
5,2008,June,12.53,21.81,3.36,62.30
8,2008,June,12.65,19.67,3.51,64.17
10,2008,June,9.28,17.42,3.79,69.51
,2008,June,13.85,32.31,4.62,49.23
6,2008,June,15.43,26.72,2.48,55.37
10,2008,July,10.54,19.09,2.78,67.59
1,2008,July,13.65,23.79,7.53,55.03
4,2008,July,13.13,27.16,5.20,54.50
2,2008,July,15.79,21.00,3.10,60.12
6,2008,July,14.39,25.71,3.07,56.84
3,2008,July,13.60,32.63,4.73,49.03
7,2008,July,12.81,21.13,4.38,61.69
5,2008,July,12.19,20.75,2.93,64.13
9,2008,July,6.76,35.59,1.63,56.02
8,2008,July,13.43,15.74,4.17,66.67
,2008,July,11.11,40.00,3.33,45.56
2,2008,August,15.32,20.82,3.93,59.94
4,2008,August,12.44,29.79,6.24,51.53
5,2008,August,19.89,20.34,2.70,57.08
1,2008,August,17.52,24.24,7.81,50.44
3,2008,August,15.49,33.44,4.10,46.97
9,2008,August,8.84,40.31,1.69,49.16
7,2008,August,14.97,21.77,3.06,60.20
8,2008,August,18.25,17.06,2.58,62.10
10,2008,August,12.59,17.88,2.55,66.97
,2008,August,15.68,33.05,1.69,49.58
6,2008,August,12.09,24.43,3.53,59.95
9,2008,September,11.98,43.39,1.88,42.74
4,2008,September,18.03,26.83,4.83,50.30
1,2008,September,19.12,26.62,6.96,47.30
3,2008,September,18.91,32.95,3.53,44.61
7,2008,September,19.19,20.65,5.16,54.99
8,2008,September,27.33,15.40,3.04,54.23
2,2008,September,16.05,22.23,3.85,57.87
5,2008,September,25.43,19.59,4.01,50.97
10,2008,September,15.44,19.03,3.05,62.48
6,2008,September,13.85,20.13,4.55,61.47
,2008,September,19.51,36.59,2.44,41.46
4,2008,October,22.70,29.11,5.60,42.59
3,2008,October,28.13,33.05,3.81,35.00
9,2008,October,21.19,36.30,2.84,39.66
10,2008,October,25.94,14.51,2.39,57.17
1,2008,October,29.02,23.88,7.29,39.81
2,2008,October,21.70,23.71,3.30,51.29
7,2008,October,29.57,16.12,4.41,49.90
5,2008,October,37.51,18.64,2.70,41.15
,2008,October,19.51,36.59,4.39,39.51
6,2008,October,26.70,26.20,2.52,44.58
8,2008,October,46.68,18.51,1.61,33.20
2,2008,November,53.21,24.61,3.31,18.87
9,2008,November,42.20,38.29,2.59,16.91
1,2008,November,44.35,29.40,7.56,18.69
7,2008,November,53.80,21.59,3.86,20.75
4,2008,November,45.93,30.15,4.57,19.36
3,2008,November,44.61,39.91,4.25,11.23
,2008,November,31.01,39.87,1.90,27.22
5,2008,November,55.14,19.64,2.73,22.50
10,2008,November,63.65,18.27,2.75,15.32
8,2008,November,64.76,16.14,2.12,16.99
6,2008,November,53.05,26.79,1.86,18.30
1,2008,December,46.70,26.81,7.89,18.60
9,2008,December,51.84,36.65,1.92,9.59
2,2008,December,59.41,21.16,3.73,15.70
10,2008,December,69.36,15.05,1.47,14.13
7,2008,December,61.53,20.87,3.39,14.21
4,2008,December,44.79,32.33,4.91,17.98
5,2008,December,61.71,17.85,3.49,16.95
3,2008,December,50.42,33.39,5.15,11.04
6,2008,December,53.68,29.90,1.72,14.71
,2008,December,36.72,26.56,7.03,29.69
8,2008,December,62.83,16.37,2.65,18.14
4,2009,January,45.90,29.19,3.82,21.09
1,2009,January,41.04,29.52,6.88,22.56
2,2009,January,57.37,23.44,4.01,15.17
7,2009,January,61.35,19.88,3.61,15.16
5,2009,January,60.64,20.66,2.71,15.99
3,2009,January,47.44,36.70,3.94,11.92
6,2009,January,53.86,23.38,3.34,19.42
8,2009,January,62.29,19.58,1.67,16.46
10,2009,January,64.01,18.24,3.15,14.59
9,2009,January,50.18,37.40,1.43,10.99
1,2009,February,41.18,29.28,6.79,22.75
3,2009,February,48.34,37.82,4.01,9.83
4,2009,February,45.52,30.75,4.38,19.35
5,2009,February,61.75,18.68,2.54,17.03
2,2009,February,58.93,24.32,3.93,12.82
9,2009,February,45.91,41.63,1.30,11.16
7,2009,February,59.91,22.05,4.13,13.92
6,2009,February,60.67,22.02,2.02,15.28
10,2009,February,70.22,15.63,2.02,12.13
8,2009,February,62.16,20.15,1.72,15.97
,2009,February,33.96,24.53,7.55,33.96
4,2009,March,47.82,27.77,4.26,20.15
7,2009,March,60.24,20.68,3.50,15.58
1,2009,March,46.44,26.89,6.47,20.20
3,2009,March,51.94,32.49,4.14,11.43
5,2009,March,60.34,19.29,3.00,17.36
9,2009,March,50.33,37.33,1.44,10.90
2,2009,March,61.80,24.37,2.95,10.88
8,2009,March,62.85,18.38,2.37,16.40
10,2009,March,68.16,19.83,2.75,9.26
6,2009,March,60.43,22.17,3.70,13.70
,2009,March,37.50,27.08,2.08,33.33
4,2009,April,52.67,28.17,4.18,14.99
3,2009,April,53.10,30.40,4.35,12.14
5,2009,April,59.81,20.22,3.49,16.49
10,2009,April,67.09,21.04,3.06,8.81
1,2009,April,50.49,26.07,7.42,16.02
9,2009,April,48.53,39.77,1.63,10.07
2,2009,April,60.78,25.62,3.66,9.94
7,2009,April,65.11,18.35,2.23,14.32
,2009,April,42.11,24.56,NULL,33.33
8,2009,April,67.84,14.32,2.49,15.35
6,2009,April,59.58,22.43,1.87,16.12
3,2009,May,50.79,33.21,5.21,10.78
1,2009,May,51.50,27.63,7.18,13.68
7,2009,May,60.49,23.09,2.44,13.98
9,2009,May,50.86,36.22,1.63,11.29
8,2009,May,63.01,18.58,1.77,16.64
2,2009,May,62.89,23.66,4.08,9.37
5,2009,May,61.71,17.21,2.81,18.27
4,2009,May,53.66,29.91,4.39,12.04
10,2009,May,69.93,15.56,2.62,11.89
6,2009,May,64.87,20.56,2.59,11.98
2,2009,June,64.31,21.05,2.75,11.90
8,2009,June,63.22,18.09,1.99,16.70
9,2009,June,52.14,33.04,1.41,13.41
6,2009,June,64.21,20.86,3.68,11.25
1,2009,June,51.85,22.30,6.04,19.81
3,2009,June,52.31,31.81,3.92,11.96
4,2009,June,54.01,27.26,3.89,14.84
10,2009,June,70.69,16.52,2.66,10.12
5,2009,June,60.41,17.63,2.50,19.45
7,2009,June,63.50,21.27,2.71,12.51
,2009,June,42.00,20.00,2.00,36.00
1,2009,July,51.07,28.99,5.73,14.22
4,2009,July,53.00,29.36,3.94,13.70
3,2009,July,52.73,31.60,4.97,10.70
2,2009,July,63.89,20.50,2.91,12.70
5,2009,July,63.24,19.33,3.05,14.39
8,2009,July,69.79,16.49,2.08,11.63
,2009,July,44.26,18.03,4.92,32.79
7,2009,July,66.67,18.72,2.80,11.81
9,2009,July,48.67,36.77,1.54,13.02
10,2009,July,69.98,19.90,2.40,7.72
6,2009,July,65.09,18.34,3.35,13.21
2,2009,August,59.97,20.32,2.91,16.79
3,2009,August,49.19,34.80,4.52,11.50
4,2009,August,49.52,29.87,3.89,16.72
9,2009,August,45.52,38.81,1.33,14.34
1,2009,August,51.74,28.02,5.04,15.20
10,2009,August,72.25,15.40,2.71,9.64
8,2009,August,60.24,19.47,1.83,18.46
5,2009,August,62.01,19.37,2.38,16.23
6,2009,August,60.59,22.03,2.54,14.83
7,2009,August,62.56,19.79,3.59,14.05
3,2009,September,53.76,32.53,3.86,9.85
4,2009,September,54.64,29.44,3.71,12.20
1,2009,September,53.81,27.71,5.87,12.61
2,2009,September,61.56,22.62,2.30,13.52
9,2009,September,50.16,34.90,1.16,13.79
8,2009,September,63.51,18.02,1.80,16.67
7,2009,September,62.11,24.12,2.64,11.12
10,2009,September,71.93,16.96,2.34,8.77
5,2009,September,60.02,21.40,2.49,16.08
6,2009,September,61.56,21.46,3.30,13.68
6,2009,October,60.19,22.69,3.47,13.66
4,2009,October,53.64,29.18,3.69,13.48
9,2009,October,53.81,32.70,1.22,12.27
2,2009,October,61.19,23.37,2.39,13.05
1,2009,October,52.34,28.18,5.58,13.90
3,2009,October,52.81,32.29,3.80,11.10
10,2009,October,69.98,19.47,1.42,9.13
7,2009,October,67.05,19.52,1.99,11.44
5,2009,October,60.90,21.36,2.03,15.71
8,2009,October,66.93,16.83,2.20,14.03
,2009,October,42.37,16.95,5.08,35.59
,2009,May,58.54,8.54,2.44,30.49
9,2009,November,53.31,30.98,1.28,14.42
1,2009,November,51.19,30.22,5.08,13.51
4,2009,November,51.12,29.71,3.64,15.53
8,2009,November,69.86,14.84,2.51,12.79
6,2009,November,58.53,21.66,2.76,17.05
7,2009,November,62.07,19.02,3.66,15.26
2,2009,November,56.81,24.40,2.49,16.30
3,2009,November,55.24,30.63,3.89,10.23
5,2009,November,60.21,21.45,1.96,16.38
10,2009,November,68.43,16.67,3.73,11.18
,2009,November,30.77,36.54,3.85,28.85
4,2009,December,55.64,25.26,4.29,14.80
2,2009,December,59.05,19.62,2.51,18.82
5,2009,December,67.87,17.25,2.82,12.06
9,2009,December,55.29,28.82,1.65,14.24
1,2009,December,57.84,24.96,5.62,11.58
3,2009,December,56.69,30.14,3.32,9.85
6,2009,December,68.03,16.33,2.72,12.93
7,2009,December,62.33,21.34,3.42,12.91
10,2009,December,72.51,13.84,2.14,11.50
,2009,December,43.40,22.64,5.66,28.30
8,2009,December,69.40,18.76,0.91,10.93
3,2010,January,54.86,32.40,3.68,9.06
4,2010,January,54.65,28.07,3.70,13.57
6,2010,January,68.04,17.39,3.04,11.52
7,2010,January,65.76,20.56,3.34,10.33
2,2010,January,55.78,24.19,3.26,16.78
8,2010,January,61.04,22.97,3.60,12.39
1,2010,January,53.48,27.42,6.03,13.07
5,2010,January,62.39,19.75,4.40,13.46
9,2010,January,51.46,34.11,2.09,12.34
10,2010,January,73.09,16.63,1.75,8.53
,2010,January,37.50,37.50,NULL,25.00
3,2010,February,52.00,29.97,3.02,15.02
2,2010,February,60.32,19.26,3.58,16.84
4,2010,February,49.97,29.35,4.91,15.77
9,2010,February,51.40,31.24,1.88,15.48
8,2010,February,65.17,17.16,1.99,15.67
7,2010,February,67.22,20.64,2.83,9.32
5,2010,February,61.31,19.60,2.02,17.07
1,2010,February,53.40,25.52,5.12,15.96
6,2010,February,65.48,21.64,2.47,10.41
10,2010,February,70.19,19.25,4.23,6.34
,2010,February,34.21,21.05,2.63,42.11
3,2010,March,50.93,28.94,2.60,17.53
4,2010,March,52.06,26.82,3.30,17.83
8,2010,March,62.87,22.99,3.73,10.41
2,2010,March,52.93,24.54,4.02,18.52
1,2010,March,52.36,23.47,6.02,18.15
7,2010,March,64.70,21.22,3.73,10.35
9,2010,March,53.76,32.57,1.73,11.94
6,2010,March,66.59,20.71,3.34,9.35
5,2010,March,62.91,22.64,1.81,12.65
10,2010,March,71.40,20.18,1.93,6.49
,2010,March,23.26,37.21,2.33,37.21
1,2010,April,55.80,20.17,6.67,17.36
3,2010,April,50.24,31.23,3.19,15.35
7,2010,April,67.30,18.67,3.19,10.84
4,2010,April,55.25,22.62,3.93,18.20
2,2010,April,57.71,22.18,4.85,15.25
6,2010,April,66.94,21.77,2.02,9.27
10,2010,April,75.15,15.15,2.22,7.47
8,2010,April,65.23,21.12,2.62,11.03
5,2010,April,64.65,21.66,3.42,10.26
9,2010,April,54.04,31.74,1.82,12.40
,2010,April,33.33,20.83,NULL,45.83
2,2010,May,57.10,20.59,3.67,18.64
4,2010,May,52.84,23.94,4.50,18.72
1,2010,May,48.99,24.86,5.13,21.03
3,2010,May,47.46,32.47,2.64,17.43
6,2010,May,66.38,21.99,4.02,7.61
7,2010,May,63.59,20.43,2.31,13.68
5,2010,May,62.25,22.19,2.21,13.36
9,2010,May,50.77,33.15,1.75,14.33
8,2010,May,61.68,25.23,1.87,11.21
10,2010,May,69.27,18.55,2.73,9.45
3,2010,June,48.28,30.16,2.74,18.83
2,2010,June,56.71,18.31,3.17,21.81
5,2010,June,64.68,19.50,2.20,13.63
8,2010,June,65.14,21.71,0.76,12.38
4,2010,June,53.71,23.87,4.01,18.41
7,2010,June,66.47,18.93,2.42,12.19
6,2010,June,66.45,22.51,2.97,8.07
9,2010,June,50.95,32.80,2.16,14.09
1,2010,June,49.06,25.09,5.73,20.12
10,2010,June,69.31,19.21,2.30,9.19
,2010,June,39.22,25.49,5.88,29.41
4,2010,July,53.70,23.79,3.86,18.65
9,2010,July,51.25,33.25,1.40,14.10
1,2010,July,47.45,26.52,5.04,20.99
2,2010,July,56.76,16.92,3.24,23.08
3,2010,July,45.59,33.04,2.43,18.94
5,2010,July,64.95,18.28,2.15,14.62
7,2010,July,64.38,22.57,2.85,10.21
6,2010,July,62.86,23.67,3.27,10.20
8,2010,July,68.11,19.27,1.83,10.80
10,2010,July,66.93,19.64,2.20,11.22
,2009,September,39.62,16.98,3.77,39.62
3,2010,August,43.12,32.16,2.75,21.96
7,2010,August,64.05,22.14,3.62,10.19
1,2010,August,47.03,26.08,5.20,21.68
